>> A=[1 3;2 2];
>> [lambda,u]=powerit(A,[-5;5],10)

lambda =

    4.0000


u =

    0.7071
    0.7071

>> A=[1 3;2 2];
>> [lambda,u]=invpowerit(A,[-5;5],-2,10)

lambda =

   -1.0000


u =

   -0.8321
    0.5547

>> [lambda,u]=rqi(A,[-5;5],1)
Warning: Matrix is close to singular or badly scaled. Results may be inaccurate. RCOND =  1.665335e-16. 
> In rqi (line 5) 

lambda =

   -1.0000


u =

    0.8321
   -0.5547

>> lambda=nsi(A,10)

lambda =

    4.0000
   -1.0000

>> lambda=unshiftedqr(A,10)

lambda =

    4.0000
   -1.0000

>> lambda=shiftedqr(A)

lambda =

   -1.0000
    4.0000

>> [U,S,V]=svd(A)

U =

   -0.7497   -0.6618
   -0.6618    0.7497


S =

    4.1306         0
         0    0.9684


V =

   -0.5019    0.8649
   -0.8649   -0.5019

>> A1=[10 -12 -6;5 -5 -4;-1 0 3];
>> powerit(A,[1 1 1],10)
Error using  * 
Inner matrix dimensions must agree.

Error in powerit (line 4)
x=A*u;
 
>> [V,D] = eig(A)

V =

   -0.8321   -0.7071
    0.5547   -0.7071


D =

    -1     0
     0     4

>> powerit(A1,[1 1 1],10)
Error using  * 
Inner matrix dimensions must agree.

Error in powerit (line 4)
x=A*u;
 
>> [V,D] = eig(A1)

V =

   -0.8165    0.5774    0.0000
   -0.4082    0.5774    0.4472
   -0.4082   -0.5774   -0.8944


D =

    1.0000         0         0
         0    4.0000         0
         0         0    3.0000

>> [lambda,u] = powerit(A,[1 1 1],10)
Error using  * 
Inner matrix dimensions must agree.

Error in powerit (line 4)
x=A*u;
 
>> [lambda,u] = powerit(A,[1; 1; 1],10)
Error using  * 
Inner matrix dimensions must agree.

Error in powerit (line 4)
x=A*u;
 
>> [lambda,u] = powerit(A,[1; 1; 1;],10)
Error using  * 
Inner matrix dimensions must agree.

Error in powerit (line 4)
x=A*u;
 
>> [lambda,u] = powerit(A1,[1; 1; 1],10)

lambda =

    4.0508


u =

   -0.5996
   -0.5771
    0.5545

>> [lambda,u] = powerit(A1,[1; 1; 1],34)

lambda =

    4.0001


u =

   -0.5774
   -0.5774
    0.5773

>> [lambda,u] = powerit(A1,[1; 1; 1],40)

lambda =

    4.0000


u =

   -0.5774
   -0.5774
    0.5773

>> [lambda,u] = invpowerit(A1,[-5; 5; 0],1.95,10)

lambda =

   -0.3414


u =

    0.7756
    0.6253
   -0.0870

>> [lambda,u] = invpowerit(A1,[-5; 5; 0],1.95,100)

lambda =

    1.0000


u =

    0.8165
    0.4083
    0.4082

>> [lambda,u] = invpowerit(A1,[-5; 5; 0],2.05,100)

lambda =

    3.0000


u =

    0.0000
    0.4472
   -0.8944

>> [lambda,u] = rqi(A1,[-5; 5; 0],100)
Warning: Matrix is close to singular or badly scaled. Results may be inaccurate. RCOND =  1.057355e-17. 
> In rqi (line 5) 
Warning: Matrix is close to singular or badly scaled. Results may be inaccurate. RCOND =  1.057355e-17. 
> In rqi (line 5) 
Warning: Matrix is close to singular or badly scaled. Results may be inaccurate. RCOND =  2.114711e-17. 
> In rqi (line 5) 
Warning: Matrix is close to singular or badly scaled. Results may be inaccurate. RCOND =  2.995840e-17. 
> In rqi (line 5) 
Warning: Matrix is close to singular or badly scaled. Results may be inaccurate. RCOND =  1.057355e-17. 
> In rqi (line 5) 
Warning: Matrix is close to singular or badly scaled. Results may be inaccurate. RCOND =  1.057355e-17. 
> In rqi (line 5) 
Warning: Matrix is close to singular or badly scaled. Results may be inaccurate. RCOND =  3.524518e-17. 
> In rqi (line 5) 
Warning: Matrix is close to singular or badly scaled. Results may be inaccurate. RCOND =  2.114711e-17. 
> In rqi (line 5) 
Warning: Matrix is close to singular or badly scaled. Results may be inaccurate. RCOND =  2.114711e-17. 
> In rqi (line 5) 
Warning: Matrix is close to singular or badly scaled. Results may be inaccurate. RCOND =  2.114711e-17. 
> In rqi (line 5) 
Warning: Matrix is close to singular or badly scaled. Results may be inaccurate. RCOND =  1.057355e-17. 
> In rqi (line 5) 
Warning: Matrix is close to singular or badly scaled. Results may be inaccurate. RCOND =  1.057355e-17. 
> In rqi (line 5) 
Warning: Matrix is close to singular or badly scaled. Results may be inaccurate. RCOND =  2.114711e-17. 
> In rqi (line 5) 
Warning: Matrix is close to singular or badly scaled. Results may be inaccurate. RCOND =  1.233581e-17. 
> In rqi (line 5) 
Warning: Matrix is close to singular or badly scaled. Results may be inaccurate. RCOND =  2.995840e-17. 
> In rqi (line 5) 
Warning: Matrix is close to singular or badly scaled. Results may be inaccurate. RCOND =  3.524518e-17. 
> In rqi (line 5) 
Warning: Matrix is close to singular or badly scaled. Results may be inaccurate. RCOND =  2.114711e-17. 
> In rqi (line 5) 
Warning: Matrix is close to singular or badly scaled. Results may be inaccurate. RCOND =  2.114711e-17. 
> In rqi (line 5) 
Warning: Matrix is close to singular or badly scaled. Results may be inaccurate. RCOND =  2.114711e-17. 
> In rqi (line 5) 
Warning: Matrix is close to singular or badly scaled. Results may be inaccurate. RCOND =  1.057355e-17. 
> In rqi (line 5) 
Warning: Matrix is close to singular or badly scaled. Results may be inaccurate. RCOND =  1.057355e-17. 
> In rqi (line 5) 
Warning: Matrix is close to singular or badly scaled. Results may be inaccurate. RCOND =  2.114711e-17. 
> In rqi (line 5) 
Warning: Matrix is close to singular or badly scaled. Results may be inaccurate. RCOND =  1.233581e-17. 
> In rqi (line 5) 
Warning: Matrix is close to singular or badly scaled. Results may be inaccurate. RCOND =  2.995840e-17. 
> In rqi (line 5) 
Warning: Matrix is close to singular or badly scaled. Results may be inaccurate. RCOND =  3.524518e-17. 
> In rqi (line 5) 
Warning: Matrix is close to singular or badly scaled. Results may be inaccurate. RCOND =  2.114711e-17. 
> In rqi (line 5) 
Warning: Matrix is close to singular or badly scaled. Results may be inaccurate. RCOND =  2.114711e-17. 
> In rqi (line 5) 
Warning: Matrix is close to singular or badly scaled. Results may be inaccurate. RCOND =  2.114711e-17. 
> In rqi (line 5) 
Warning: Matrix is close to singular or badly scaled. Results may be inaccurate. RCOND =  1.057355e-17. 
> In rqi (line 5) 
Warning: Matrix is close to singular or badly scaled. Results may be inaccurate. RCOND =  1.057355e-17. 
> In rqi (line 5) 
Warning: Matrix is close to singular or badly scaled. Results may be inaccurate. RCOND =  2.114711e-17. 
> In rqi (line 5) 
Warning: Matrix is close to singular or badly scaled. Results may be inaccurate. RCOND =  1.233581e-17. 
> In rqi (line 5) 
Warning: Matrix is close to singular or badly scaled. Results may be inaccurate. RCOND =  2.995840e-17. 
> In rqi (line 5) 
Warning: Matrix is close to singular or badly scaled. Results may be inaccurate. RCOND =  3.524518e-17. 
> In rqi (line 5) 
Warning: Matrix is close to singular or badly scaled. Results may be inaccurate. RCOND =  2.114711e-17. 
> In rqi (line 5) 
Warning: Matrix is close to singular or badly scaled. Results may be inaccurate. RCOND =  2.114711e-17. 
> In rqi (line 5) 
Warning: Matrix is close to singular or badly scaled. Results may be inaccurate. RCOND =  2.114711e-17. 
> In rqi (line 5) 
Warning: Matrix is close to singular or badly scaled. Results may be inaccurate. RCOND =  1.057355e-17. 
> In rqi (line 5) 
Warning: Matrix is close to singular or badly scaled. Results may be inaccurate. RCOND =  1.057355e-17. 
> In rqi (line 5) 
Warning: Matrix is close to singular or badly scaled. Results may be inaccurate. RCOND =  2.114711e-17. 
> In rqi (line 5) 
Warning: Matrix is close to singular or badly scaled. Results may be inaccurate. RCOND =  1.233581e-17. 
> In rqi (line 5) 
Warning: Matrix is close to singular or badly scaled. Results may be inaccurate. RCOND =  2.995840e-17. 
> In rqi (line 5) 
