>> [y,y] = euler1([0 1], 1, 10)

y =

  Columns 1 through 10

    1.0000    1.0000    1.0101    1.0311    1.0647    1.1137    1.1819    1.2744    1.3979    1.5610

  Column 11

    1.7744


y =

  Columns 1 through 10

    1.0000    1.0000    1.0101    1.0311    1.0647    1.1137    1.1819    1.2744    1.3979    1.5610

  Column 11

    1.7744

>> [t,y]=euler2([0 1],[0 1],10);
>> opts=odeset('RelTol',1e-4,'Refine',1,'MaxStep',1);
>> [t,y]=ode45(@(t,y) t*y+t^3,[0 1],1,opts);
>> [t,y]=ode45(@(t,y) t*y+t^3,[0 1],1,opts);
>> [t,y]=ode45(@(t,y) t*y+t^3,[0 1],1,opts)

t =

         0
    0.5402
    1.0000


y =

    1.0000
    1.1795
    1.9462

>> opts=odeset('RelTol',1e-6);
>> ode45(@(t,y) t*y+tˆ3,[0 1],1,opts);
 ode45(@(t,y) t*y+tˆ3,[0 1],1,opts);
                   |
Error: The input character is not valid in MATLAB statements or expressions.
 
>> ode45(@(t,y) t*y+t^3,[0 1],1,opts);
>> opts=odeset('RelTol',1e-4,'Refine',1,'MaxStep',1);
>> [t,y]=ode45(@(t,y) t*y+t^3,[0 1],1,opts)

t =

         0
    0.5402
    1.0000


y =

    1.0000
    1.1795
    1.9462

>> opts=odeset('RelTol',1e-4,'Refine',1,'MaxStep',1);
>> [t,y]=ode45(@(t,y) t*y+t^3,[0 1],1,opts)

t =

         0
    0.5402
    1.0000


y =

    1.0000
    1.1795
    1.9462

>> opts=odeset('RelTol',1e-6);
>> ode45(@(t,y) t*y+t^3,[0 1],1,opts);
>> [t,y] = ode45(@f, [0 1], 1, opts);
>> [t,y] = ode45(@f, [0 1], 1, opts)

t =

         0
    0.0250
    0.0500
    0.0750
    0.1000
    0.1250
    0.1500
    0.1750
    0.2000
    0.2250
    0.2500
    0.2750
    0.3000
    0.3250
    0.3500
    0.3750
    0.4000
    0.4250
    0.4500
    0.4750
    0.5000
    0.5250
    0.5500
    0.5750
    0.6000
    0.6250
    0.6500
    0.6750
    0.7000
    0.7250
    0.7500
    0.7750
    0.8000
    0.8250
    0.8500
    0.8750
    0.9000
    0.9250
    0.9500
    0.9750
    1.0000


y =

    1.0000
    1.0003
    1.0013
    1.0028
    1.0050
    1.0079
    1.0114
    1.0157
    1.0206
    1.0263
    1.0327
    1.0400
    1.0481
    1.0571
    1.0670
    1.0779
    1.0899
    1.1029
    1.1172
    1.1326
    1.1494
    1.1677
    1.1874
    1.2087
    1.2317
    1.2564
    1.2832
    1.3119
    1.3429
    1.3761
    1.4119
    1.4502
    1.4914
    1.5355
    1.5829
    1.6336
    1.6879
    1.7461
    1.8083
    1.8749
    1.9462

>> [t,y] = multistep([0,1],1,20,2);
Undefined function or variable 'multistep'.
 
>> [t,y] = exmultistep([0,1],1,20,2);
>> [t,y]=predcorr([0 1],1,20,2);
>> [y,y] = euler1([0 1], 1, 10);
>> [y,y] = euler1([0 1], 1, 10)

y =

  Columns 1 through 10

    1.0000    1.1000    1.2000    1.3000    1.4000    1.5000    1.6000    1.7000    1.8000    1.9000

  Column 11

    2.0000


y =

  Columns 1 through 10

    1.0000    1.1000    1.2000    1.3000    1.4000    1.5000    1.6000    1.7000    1.8000    1.9000

  Column 11

    2.0000

>> [y,y] = euler1([0 1], 1, 10)

y =

  Columns 1 through 10

    1.0000    1.1000    1.2000    1.3000    1.4000    1.5000    1.6000    1.7000    1.8000    1.9000

  Column 11

    2.0000


y =

  Columns 1 through 10

    1.0000    1.1000    1.2000    1.3000    1.4000    1.5000    1.6000    1.7000    1.8000    1.9000

  Column 11

    2.0000

>> [y,y] = euler1([0 1], 1, 10) - 1;
Error using  - 
Too many output arguments.
 
>> [t,y] = euler1([0 1], 1, 10) - 1;
Error using  - 
Too many output arguments.
 
>> [t,y] = euler1([0 1], 1, 10) ;
>> [t,y] = euler1([0 1], 1, 10) ;
>> [t,y] = euler1([0 1], 1, 10) - 1;
Error using  - 
Too many output arguments.
 
>> [t,y] = euler1([0 1], 1, 10);
>> [t,y] = euler1([0 1], 1, 10);
>> [t,y] = euler1([0 1], 1, 10);
>> [t,y] = euler1([0 1], 1, 10)

t =

  Columns 1 through 10

         0    0.1000    0.2000    0.3000    0.4000    0.5000    0.6000    0.7000    0.8000    0.9000

  Column 11

    1.0000


y =

  Columns 1 through 10

    1.0000    1.0000    1.0001    1.0009    1.0036    1.0099    1.0222    1.0429    1.0744    1.1188

  Column 11

    1.1770

>> [t,y] = euler1([0 1], 1, 10)

t =

  Columns 1 through 10

         0    0.1000    0.2000    0.3000    0.4000    0.5000    0.6000    0.7000    0.8000    0.9000

  Column 11

    1.0000


y =

  Columns 1 through 10

    1.0000    1.0000    1.0001    1.0009    1.0036    1.0099    1.0222    1.0429    1.0744    1.1188

  Column 11

    1.1770

>> f1c = @(x) (3*t.^4/4 + 1).^(1/3);
>> [t; y; y - f1c(t)]'

ans =

         0    1.0000         0
    0.1000    1.0000   -0.0000
    0.2000    1.0001   -0.0003
    0.3000    1.0009   -0.0011
    0.4000    1.0036   -0.0028
    0.5000    1.0099   -0.0054
    0.6000    1.0222   -0.0092
    0.7000    1.0429   -0.0139
    0.8000    1.0744   -0.0190
    0.9000    1.1188   -0.0239
    1.0000    1.1770   -0.0281

>> format long
>> [t; y; y - f1c(t)]'

ans =

                   0   1.000000000000000                   0
   0.100000000000000   1.000000000000000  -0.000024999375026
   0.200000000000000   1.000100000000000  -0.000299840106581
   0.300000000000000   1.000899840023997  -0.001121073134811
   0.400000000000000   1.003594987438675  -0.002764483953170
   0.500000000000000   1.009949218554916  -0.005437806556504
   0.600000000000000   1.022204151464696  -0.009199345735736
   0.700000000000000   1.042875959831903  -0.013868233126349
   0.800000000000000   1.074413571947391  -0.018990481908895
   0.900000000000000   1.118766979345085  -0.023927733433515
   1.000000000000000   1.177010584513025  -0.028060547574590

>> [t,y] = euler1([0 1], 1, 20);
>> [t; y; y - f1c(t)]'
Error using  - 
Matrix dimensions must agree.
 
>> [t; y; y - f1c(t)]'
Error using  - 
Matrix dimensions must agree.
 
>> [t,y] = euler1([0 1], 1, 20);
>> [t; y; y-f1c(t)]'
Error using  - 
Matrix dimensions must agree.
 
>> [t,y] = euler1([0 1], 1, 40);
>> [t; y; y-f1c(t)]'
Error using  - 
Matrix dimensions must agree.
 
>> [t,y] = euler1([0 1], 1, 10);
>> [t; y; y-f1c(t)]'

ans =

                   0   1.000000000000000                   0
   0.100000000000000   1.000000000000000  -0.000024999375026
   0.200000000000000   1.000100000000000  -0.000299840106581
   0.300000000000000   1.000899840023997  -0.001121073134811
   0.400000000000000   1.003594987438675  -0.002764483953170
   0.500000000000000   1.009949218554916  -0.005437806556504
   0.600000000000000   1.022204151464696  -0.009199345735736
   0.700000000000000   1.042875959831903  -0.013868233126349
   0.800000000000000   1.074413571947391  -0.018990481908895
   0.900000000000000   1.118766979345085  -0.023927733433515
   1.000000000000000   1.177010584513025  -0.028060547574590

>> f1a = @(x) (3 .* t + 1).^(1/3);
>> [t; y; y-f1a(t)]'

ans =

                   0   1.000000000000000                   0
   0.100000000000000   1.000000000000000  -0.091392883061106
   0.200000000000000   1.000100000000000  -0.169507095285147
   0.300000000000000   1.000899840023997  -0.237662489606174
   0.400000000000000   1.003594987438675  -0.296996459412712
   0.500000000000000   1.009949218554916  -0.347259589742537
   0.600000000000000   1.022204151464696  -0.387255594948282
   0.700000000000000   1.042875959831903  -0.415223775994808
   0.800000000000000   1.074413571947391  -0.429281024257584
   0.900000000000000   1.118766979345085  -0.427913394426950
   1.000000000000000   1.177010584513025  -0.410390467455174

>> f1b = @(x) (exp(t.^2+ 2 * t) );
>> [t; y; y-f1b(t)]'

