>> c0 = [-1;0;1;2];
>> x0 = [-1;0;1;2];
>> y0=[1;0;0;-2];
>> c=polyfit(x0,y0,2)

c =

   -0.2500   -0.6500    0.4500

>> x = -1:0.01:2;

>> y=polyval(c,x);

>> plot(x0, y0, 'o', x, y)
>> A=[1 -4; 2 3; 2 2];
>> [Q,R] = qr(A)

Q =

   -0.3333    0.9333   -0.1333
   -0.6667   -0.3333   -0.6667
   -0.6667   -0.1333    0.7333


R =

    -3    -2
     0    -5
     0     0

>> [Q,R] = qr(A,0)

Q =

   -0.3333    0.9333
   -0.6667   -0.3333
   -0.6667   -0.1333


R =

    -3    -2
     0    -5

>> [Q,R] = qr(A)

Q =

   -0.3333    0.9333   -0.1333
   -0.6667   -0.3333   -0.6667
   -0.6667   -0.1333    0.7333


R =

    -3    -2
     0    -5
     0     0
 
>> x=(2+(0:10)/5)';
>> y=1+x+x.^2+x.^3+x.^4+x.^5+x.^6+x.^7;
>> AA=[x.^0 x x.^2 x.^3 x.^4 x.^5 x.^6 x.^7];
>> [Q,R]=qr(AA);
>> b=Q'*y;
>> cc=R(1:8,1:8)\b(1:8)

cc =

    1.0000
    1.0000
    1.0000
    1.0000
    1.0000
    1.0000
    1.0000
    1.0000

>> A1 = [3 -1 2; 4 1 0; -3 2 1; 1 1 5; -2 0 3];
>> b1 = [10;10;-5;15;0];
>> norm(b1)

ans =

   21.2132
 
>> x=(A1'*A1)\(A1'*b1)

x =

    2.5246
    0.6616
    2.0934

>> norm(b1-A1*x)

ans =

    2.5874

>> x0=[-3;-1;0;1;3];
>> y0=[3;2;1;-1;-4];
>> c=polyval(c,x0)

c =

   -9.1500
   -3.5500
   -3.7500
   -2.7500
   34.0500

>> c=polyfit(x0,y0,1)

c =

   -1.2000    0.2000

>> remp = norm(y0-polyval(c,x0))/sqrt(length(x0))

remp =

    0.6325

>> c=polyfit(x0,y0,2)

c =

   -0.1429   -1.2000    0.7714

>> remp = norm(y0-polyval(c,x0))/sqrt(length(x0))

remp =

    0.2390

>> x4=[1994;1995;1996;1997;1998;1999;2000;2001;2002;2003]-1994;
>> y4=[67.052;68.008;69.803;72.024;73.400;72.063;74.669;74.487;74.065;76.777];

>> c4a=polyfit(x4,y4,1)

c4a =

    0.9693   67.8727

>> c4b=polyfit(x4,y4,2)

c4b =

   -0.0724    1.6205   67.0045

>> c4c=polyfit(x4,y4,3)

c4c =

    0.0182   -0.3182    2.4601   66.5455

>> remp=norm(y4-polyval(c4a,x4))/sqrt(length(x4))

remp =

    0.9763

>> remp=norm(y4-polyval(c4b,x4))/sqrt(length(x4))

remp =

    0.8227

>> remp=norm(y4-polyval(c4c,x4))/sqrt(length(x4))

remp =

    0.7578

>> t5=([1;2;3;4;5;6;7;8;9;10;11;12]-1)/12;
>> y5=[6.224;6.665;6.241;5.302;5.073;5.127;4.994;5.012;5.108;5.377;5.510;6.372];
>> A5=[t5.^0, cos(2*pi*t5), sin(2*pi*t5), cos(4*pi*t5)];
>> c5=(A5'*A5)\(A5'*y5)

c5 =

    5.5838
    0.7541
    0.1220
    0.1935

>> r=y5-A5*c5

r =

   -0.3074
    0.2704
    0.2713
   -0.2102
   -0.1426
    0.0386
   -0.0291
    0.0456
    0.1037
    0.1087
   -0.2484
    0.0994
 
>> remp=norm(r)/sqrt(length(t5))

remp =

    0.1836

>> t6=[0;1/6;1/3;1/2;2/3;5/6];
>> y6=[0;2;0;-1;1;1];
>> A6=[t6.^0, cos(2*pi*t6), sin(2*pi*t6)];
>> c6=(A6'*A6)\(A6'*y6);
>> c6=(A6'*A6)\(A6'*y6)

c6 =

    0.5000
    0.6667
   -0.0000

>> r6=y6-A6*c6

r6 =

   -1.1667
    1.1667
   -0.1667
   -0.8333
    0.8333
    0.1667

>> remp6=norm(r6)/sqrt(length(t6))

remp6 =

    0.8333

>> t7=[-2;0;1;2];
>> y7=[1;2;2;5];
>> A7=[t7.^0, t7];
>> 
c7=(A7'*A7)\(A7'*log(y7))

c7 =

    0.6586
    0.3615

>> r=y7-exp(A7*c7)

r =

    0.0624
    0.0680
   -0.7733
    1.0189

>> norm(r)

ans =

    1.2825

>> remp=norm(r)/sqrt(length(t7))

remp =

    0.6412

>> A8a=[2 1;1 -1;2 1];
>> A8b=[4 8 1;0 2 -2;3 6 7];
 
>> [q8a,r8a] = gram_schmidt(A8a)

q8a =

    0.6667    0.2357
    0.3333   -0.9428
    0.6667    0.2357


r8a =

    3.0000    1.0000
         0    1.4142

>> [q8b,r8b] = gram_schmidt(A8b)

q8b =

    0.8000         0   -0.6000
         0    1.0000         0
    0.6000         0    0.8000


r8b =

     5    10     5
     0     2    -2
     0     0     5

>> A9=[4 2 3 0;-2 3 -1 1;1 3 -4 2;1 0 1 -1;3 1 3 -2];
>> y9=[10;0;2;0;5];
>> 